x
0.602020833333333
0.582604166666667
0.568416666666667
0.558041666666667
0.561
0.556958333333333
0.560020833333333
0.553854166666667
0.5488125
0.545166666666667
0.555333333333333
0.554979166666667
0.568875
0.625083333333333
0.650458333333333
0.626895833333333
0.660708333333333
-9999
-9999
-9999
0.634520833333333
0.636520833333333
0.637979166666667
0.6559375
0.6395625
0.634520833333333
0.630583333333333
0.641291666666667
0.671166666666667
0.658833333333333
0.653875
0.646125
0.641770833333333
0.639145833333333
0.641083333333333
0.640020833333333
0.634416666666667
0.6271875
0.623020833333333
0.623604166666667
0.622416666666667
0.624583333333333
0.622229166666667
0.618770833333333
0.609166666666667
0.599229166666667
0.582041666666667
0.5634375
0.5396875
0.536729166666667
0.5385625
0.541041666666667
0.541291666666667
0.564770833333333
0.594875
0.586729166666667
0.58425
0.586125
0.586395833333333
0.583125
0.579458333333333
0.578479166666667
0.5765625
0.5735625
0.58075
0.596958333333333
-9999
-9999
-9999
-9999
-9999
-9999
-9999
-9999
0.522625
0.488416666666667
0.454708333333333
0.4439375
0.434125
0.4083125
0.394020833333333
0.388145833333333
0.382041666666667
0.381166666666667
0.373354166666667
0.370645833333333
0.374229166666667
0.3693125
0.353104166666667
0.33475
0.316270833333333
0.293916666666667
0.277708333333333
0.274395833333333
0.2578125
0.239041666666667
0.211375
0.1731875
0.1129375
0.0489583333333333
0.003
0.00120833333333333
0.000770833333333333
0.000520833333333333
0.0025625
0.104229166666667
0.0592916666666667
0.0325625
0.0169583333333333
0.0005625
0.000333333333333333
0.00166666666666667
0.0061875
0.000208333333333333
0.000333333333333333
0.0010625
0.0331458333333333
0.011125
0.000958333333333333
0.001125
0.0015
0.00154166666666667
0.000583333333333333
0.000416666666666667
0.00075
0.000666666666666667
0.000354166666666667
0.000645833333333333
0.001375
-9999
-9999
-9999
-9999
0
0
0
0
0
0
0
0
0
0
0
0
0
0
0
0
0
0
0
0
0
0
0
0
0
0
0
0
0
0
0
0
0
0
0
0
0
0
0
0
0
0
0
0
0
0
0
0
0
0
0
0
0
0
0
0
0
0
0
0
0
0
0
0
0
0
0
0
0
0
0
0
0
-9999
-9999
-9999
-9999
-9999
-9999
-9999
-9999
-9999
-9999
0
0
0
0
0
0
0
0
0
0
0
0
0
0
0
0
0
0
0
0
0
0
0
0
0
0
0
0
0
0
0
0
0
0
0
0
0
0
0
0
0
0
0
0
0
0
0
0
0
0
0
0
0
0
0
0
0
0
0
0
0
0
0
0
0
0
-9999
-9999
-9999
-9999
-9999
-9999
-9999
-9999
-9999
-9999
-9999
-9999
-9999
-9999
-9999
-9999
0
0.000270833333333333
0.0003125
0.000208333333333333
0.0001875
0.000416666666666667
0.000270833333333333
2.08333333333333e-05
4.16666666666667e-05
2.08333333333333e-05
4.16666666666667e-05
0.000208333333333333
4.16666666666667e-05
8.33333333333333e-05
0.000104166666666667
0.0001875
0
0
0.000125
6.25e-05
0.00333333333333333
0.0142291666666667
0.0181041666666667
0.0349583333333333
0.0564791666666667
0.0503125
0.0506666666666667
0.041
0.0272916666666667
0.0257083333333333
0.0263333333333333
0.0331875
0.046625
0.0403541666666667
0.0366666666666667
0.03975
0.0354583333333333
0.0370833333333333
0.0386875
0.0402291666666667
0.0436666666666667
0.0465833333333333
0.0506041666666667
0.0652291666666667
0.0702708333333333
0.06875
0.0646458333333333
0.0656041666666667
0.064125
0.0646666666666667
0.06175
0.0676041666666667
0.0667708333333333
0.0678125
0.0698333333333333
0.06875
0.0704166666666667
0.0686666666666667
0.0861666666666667
0.0960833333333333
0.099875
0.0977916666666667
0.0905416666666667
0.0905416666666667
0.098
0.0979166666666667
0.100958333333333
0.116666666666667
0.124729166666667
0.120333333333333
0.114895833333333
0.114666666666667
0.112375
0.115479166666667
0.1123125
0.112375
0.113354166666667
0.122229166666667
0.131
0.13475
0.132979166666667
0.134104166666667
0.136270833333333
0.134583333333333
0.139708333333333
0.143875
0.144104166666667
0.145958333333333
0.16325
0.229
0.2315625
0.2179375
0.207770833333333
0.2465
0.273729166666667
0.264395833333333
0.257875
0.248833333333333
0.2385
0.229104166666667
0.221791666666667
0.218604166666667
0.217541666666667
0.217083333333333
0.2145625
0.213291666666667
0.214604166666667
0.214895833333333
0.21725
0.215041666666667
0.216166666666667
0.211208333333333
0.210708333333333
0.216020833333333
0.237541666666667
0.229208333333333
0.230270833333333
0.233333333333333
0.3269375
0.346833333333333
0.332979166666667
0.321583333333333
0.316854166666667
0.4131875
0.4411875
0.397458333333333
0.4028125
0.3933125
0.384333333333333
0.4039375
0.396479166666667
0.3994375
0.379958333333333
0.351333333333333
0.356145833333333
0.3620625
0.338166666666667
0.2971875
0.240458333333333
0.199958333333333
0.159208333333333
0.119895833333333
0.0800833333333333
0.0189583333333333
0.0054375
0.00635416666666667
0.006
0.00425
0.00639583333333333
0.0069375
0.00579166666666667
0.00454166666666667
0.0034375
0.00425
0.0043125
0.00577083333333333
0.00510416666666667
0.00489583333333333
0.00391666666666667
0.0045625
0.00279166666666667
0.00183333333333333
0.00129166666666667
0.00141666666666667
0.002625
0.00154166666666667
0.00291666666666667
-9999
0.0019375
-9999
0.005625
0.0054375
0.0081875
0.220833333333333
0.175979166666667
0.0820625
0.029625
0.00391666666666667
0.0360625
0.0727916666666667
0.0273958333333333
0.00385416666666667
0.00616666666666667
0.004875
0.0045
0.004125
0.00535416666666667
0.00479166666666667
0.0061875
0.00475
0.00535416666666667
0.00604166666666667
0.00579166666666667
0.00660416666666667
0.00475
0.00647916666666667
0.0029375
0
0
0
0
0
0
0
0
0
0
0
0
0
0
0
0
0
0
0
0
0
0
0
0
0
0
0
0
0
0
0
0
0
0
0
0
0
0
0
0
0
0
0
0
0
0
0
0
0
0
0
0
0
0
0
0
0
0
0
0
0
0
0
0
0
0
0
0
0
0
0
0
0
0
0
0
0
0
0
0
0
0
0
0
0
0
0
0
0
0
0
0
0
0
0
0
0
0
0
0
0
0
0
0
0
0
0
0
0
0
0
0
0
0
0
0
0
0
0
0
0
0
0
0
0
0
0
0
0
0
0
0
0
0
0
0
0
0
0
0
0
0
0
0
0
0
0
0
0
0
0
0
0
0
0
0
0
0
0
0
0
0
0
0
0
0
0
0
0
0.0247291666666667
0.0198958333333333
0.0838125022916667
0.0703750014583333
0.0511666666666667
0.0441458333333333
0.0327291666666667
0.028125
0.0292291666666667
0.0298541666666667
0.0304583333333333
0.0246666666666667
0.0116458333541667
0.00533333333333333
0.00566666666666667
0.00666666666666667
0.005625
0.0242916667083333
0.0272083333333333
0.0155208333333333
0.0095833335
0.0102708334791667
0.006770833375
0.0026666666875
0.00285416670833333
0.00339583333333333
0.00297916666666667
0.00937500002083333
0.0653750022916667
0.0683125025
0.0770625041666667
0.07377083875
0.08058333625
0.0724166689583333
0.0727291722916667
0.0741666714583333
0.0664583341666667
0.0527916666666667
0.0296041666666667
0.0196875
0.0200416666666667
0.0195416666666667
0.0195833333333333
0.01975
0.0655833358333333
0.088562504375
0.08904167
0.0884375039583333
0.0823125033333333
0.0803750029166667
0.0968333354166667
0.1439375
0.14375
0.140333333333333
0.144791666666667
0.1446875
0.143979166666667
0.142625
0.154
0.154666666666667
0.1515
0.151895833333333
0.155645833333333
0.15775
-9999
-9999
-9999
-9999
-9999
-9999
0.189875
0.187020833333333
0.1870625
0.183541666666667
0.184229166666667
0.193916666666667
0.190708333333333
0.1701875
0.176458333333333
0.183229166666667
-9999
-9999
-9999
0.198604166666667
0.234229166666667
0.256791666666667
0.257541666666667
0.255166666666667
0.253395833333333
0.255354166666667
0.256479166666667
0.3014375
0.305333333333333
0.291979166666667
0.285145833333333
0.373645833333333
0.370270833333333
0.3724375
0.364708333333333
0.357125
0.356854166666667
0.360104166666667
0.399520833333333
0.412458333333333
0.432479166666667
0.417604166666667
0.406458333333333
0.466895833333333
0.587666666666667
0.558708333333333
0.536520833333333
0.517854166666667
0.5100625
0.4980625
0.494166666666667
0.496458333333333
0.496291666666667
0.4879375
0.483958333333333
0.486270833333333
0.489
0.482416666666667
0.479020833333333
0.471354166666667
0.462375
0.454125
0.4499375
0.448895833333333
0.448333333333333
0.4585625
0.6103125
0.6180625
0.596604166666667
0.578625
0.604229166666667
0.6471875
0.6328125
0.619354166666667
0.606166666666667
0.5869375
0.574145833333333
0.599
0.591645833333333
0.6721875
0.694666666666667
0.67075
0.655270833333333
0.6355
0.616333333333333
0.604083333333333
0.590395833333333
0.577979166666667
0.560083333333333
0.5281875
0.497083333333333
0.439541666666667
0.395583333333333
0.3870625
0.379541666666667
0.370145833333333
0.357
0.349854166666667
0.4363125
0.447333333333333
0.4315625
-9999
-9999
-9999
-9999
-9999
-9999
-9999
-9999
0.452895833333333
0.569833333333333
0.6665
0.605770833333333
0.585333333333333
0.575
0.556708333333333
0.522020833333333
0.490875
0.449291666666667
0.388375
0.322645833333333
0.263125
-9999
-9999
0.0906458333333333
0.05325
0.0205416666666667
0.0132291666666667
0.0110208333333333
0.009875
0.0106875
0.0105208333333333
0.00975
0
0
0
0
0
0
0
0
0
0
0
0
0
0
0
0
0
0
0
0
0
0
0
0
0
0
0
0
0
0
0
0
0
0
0
0
0
0
0
0
0
0
0
0
0
0
0
0
0
0
0
0
0
0
0
0
0
0
0
0
0
0
0
0
0
0
0
0
0
0
0
0
0
-9999
-9999
-9999
-9999
-9999
-9999
-9999
-9999
0
0
-9999
-9999
-9999
-9999
0
0
0
0
0
0
0
0
0
0
0
0
0
0
0
0
0
0
0
0
0
0
0
0
0
0
0
0
0
0
0
0
0
0
0
0
0
0
0
0
0
0
0
0
0
0
0
0
0
0
0
0
0
0
0
0
0
0
0
0
0
0
0
0
0
0
0
0
0
0
0
0
0
0
0
0
0
0
0
0
0
0
0.00366666666666667
0.0024375
0.00475
0.005875
0.0061875
0.00560416666666667
0.004
0.00439583333333333
0.00516666666666667
0.0045
0.00372916666666667
0.00310416666666667
0.0178958333333333
0.0501875
0.0467291666666667
0.0647083333333333
0.0651041666666667
0.0616458333333333
0.0544166666666667
0.0435625
0.0320208333333333
0.006625
0.00970833333333333
0.00964583333333333
0.00516666666666667
0.010125
0.0112916666666667
0.0131041666666667
0.0152083333333333
0.0109583333333333
0.0128541666666667
0.0401875
0.104958333333333
0.079125
0.0691666666666667
0.0615416666666667
0.106645833333333
0.1840625
0.2716875
0.362645833333333
0.32975
0.313166666666667
0.3065625
0.301604166666667
0.295354166666667
0.287520833333333
0.285270833333333
0.274854166666667
0.280625
0.278520833333333
0.2995625
0.334458333333333
0.3374375
0.325625
0.3156875
0.3055
0.3614375
0.356770833333333
0.354916666666667
0.378916666666667
0.3833125
0.367229166666667
0.357395833333333
0.350145833333333
0.347645833333333
0.344895833333333
0.342895833333333
0.341270833333333
0.3600625
0.394291666666667
0.392041666666667
0.391895833333333
0.388458333333333
0.386145833333333
0.387291666666667
0.385
0.381395833333333
0.374895833333333
0.3701875
0.367104166666667
0.378
-9999
0.426541666666667
0.418041666666667
0.4090625
0.422916666666667
0.4145625
0.437854166666667
0.431375
0.454375
0.4581875
0.473666666666667
0.471395833333333
0.465541666666667
0.4605
0.454833333333333
0.450520833333333
0.471479166666667
0.475145833333333
0.466104166666667
0.459083333333333
0.456770833333333
0.452395833333333
0.4489375
0.447916666666667
0.446645833333333
0.4453125
0.447333333333333
0.448041666666667
0.522958333333333
0.5405625
0.53275
0.532083333333333
0.577604166666667
0.587729166666667
0.575125
0.5944375
0.7310625
0.725104166666667
0.705520833333333
0.688729166666667
0.675333333333333
0.66625
0.653270833333333
0.645895833333333
0.637208333333333
0.6306875
0.629791666666667
0.6440625
0.639520833333333
0.6293125
0.626625
0.619729166666667
0.608041666666667
0.572145833333333
0.537625
0.529708333333333
0.521520833333333
0.5114375
0.5084375
0.508291666666667
0.538041666666667
0.531104166666667
0.52625
0.511104166666667
0.615833333333333
0.645291666666667
0.636854166666667
0.62775
0.625708333333333
0.624416666666667
0.623208333333333
0.621729166666667
0.5944375
0.545291666666667
0.496395833333333
0.655333333333333
0.621166666666667
0.570875
0.545083333333333
0.506333333333333
0.469125
0.429270833333333
0.378958333333333
0.322583333333333
0.2585625
0.192479166666667
0.15525
0.1295625
0.117854166666667
0.112375
0.114583333333333
0.0995
0.0642083333333333
0.0263958333333333
0.0110208333333333
0.0143541666666667
0.014125
0.020625
0.03175
0.0404583333333333
0.0172708333333333
0.0187916666666667
0.0189791666666667
0.0196041666666667
0.0211875
0.0204583333333333
0.0203541666666667
0.0197708333333333
0.0183958333333333
0.0195833333333333
0.0203958333333333
0.0202291666666667
0.0218541666666667
0.0213333333333333
0.0181666666666667
0
0
0
-9999
-9999
0
0
0
0
0
0
0
0
0
0
0
0
0
0
0
0
0
0
0
0
0
0
0
0
0
0
0
0
0
0
0
0
0
0
0
0
0
0
0
0
0
0
0
0
0
0
0
0
0
0
0
0
0
0
0
0
0
0
0
0
0
0
0
0
0
0
0
0
0
0
0
0
0
0
0
0
0
0
0
0
0
0
0
0
0
0
0
0
0
0
0
0
0
0
0
0
0
0
0
0
0
0
0
0
0
0
0
0
0
0
0
0
0
0
0
0
0
0
0
0
0
0
0
0
0
0
0
0
0
0
0
0
0
0
0
0
0
0
0
0
0
0
0
0
0
0
0
0
0
0
0
0
0
0
0
0
0
0
0
0
0
0
0
0
0.00877083333333333
0.0110208333333333
0.0106458333333333
0.0100416666666667
0.00752083333333333
0.00825
0.00770833333333333
0.00889583333333333
0.0102083333333333
0.010375
0.00964583333333333
0.00983333333333333
0.013375
0.0165625
0.018375
0.0172291666666667
0.0234791666666667
0.0467083333333333
0.0438333333333333
0.0484583333333333
0.0521875
0.0630833333333333
0.0640208333333333
0.0859791666666667
0.1000625
0.0918125
0.0827916666666667
0.0663958333333333
0.0552708333333333
0.0668541666666667
0.0792916666666667
0.0741458333333333
0.0817291666666667
0.0770833333333333
0.0723125
0.0754791666666667
0.0757083333333333
0.0736041666666667
0.072625
0.0745625
0.0765833333333333
0.0820625
0.101145833333333
0.102208333333333
0.100645833333333
0.09925
0.0949791666666667
0.0816041666666667
0.0459791666666667
0.0331041666666667
0.0582708333333333
0.0751875
0.0687083333333333
0.0635
0.0786041666666667
0.0820208333333333
0.07575
0.0643958333333333
0.0557083333333333
0.0550208333333333
0.0570416666666667
0.0560208333333333
0.055125
0.0590416666666667
0.0599166666666667
0.0585625
