      1,        -6.8410
      2,         1.4530
      3,         1.4405
      4,         1.4023
      5,         1.3291
      6,         1.2772
      7,         1.2330
      8,         1.1747
      9,         1.1054
     10,         1.0184
     11,         0.9401
     12,         0.8674
     13,         0.7922
     14,         0.7403
     15,         0.6958
     16,         0.6383
     17,         0.5674
     18,         0.5044
     19,         0.4330
     20,         0.3560
     21,         0.3088
     22,         0.2568
     23,         0.1911
     24,         0.1062
     25,         0.0435
     26,        -2.9218
     27,        -7.0277
     28,        -9.2474
     29,       -10.1601
     30,       -11.2547
     31,       -12.9809
     32,       -14.6010
     33,       -16.6179
     34,       -19.7739
     35,       -21.6643
     36,       -22.7141
     37,       -24.1330
     38,       -25.4697
     39,       -26.7925
     40,       -28.4388
     41,       -29.7193
     42,       -31.0356
     43,       -32.5108
     44,       -19.0119
     45,        14.4556
     46,        15.7793
     47,        17.3630
     48,        17.6511
     49,        19.2945
     50,        18.6428
     51,        16.2686
     52,        14.0488
     53,        12.0492
     54,        10.3510
     55,         8.9163
     56,         7.5811
     57,         6.4302
     58,         5.3531
     59,         4.2738
     60,         3.2289
     61,         2.4196
     62,         1.6736
     63,         1.0227
     64,         0.3664
     65,       -11.1632
     66,       -19.1503
     67,       -25.4270
     68,       -30.7195
     69,       -34.8833
     70,       -38.6049
     71,       -36.5295
     72,       -37.0157
     73,       -40.5401
     74,       -44.4226
     75,       -37.2600
     76,        -7.4881
     77,         4.6804
     78,         5.7514
     79,         4.7857
     80,         6.2419
     81,         8.0869
     82,         7.7764
     83,         5.6105
     84,         3.5825
     85,         1.7290
     86,        -5.7474
     87,       -26.2779
     88,       -38.4627
     89,       -47.2780
     90,       -53.2414
     91,       -46.9550
     92,       -29.9419
     93,        -2.2641
     94,         7.2272
     95,         7.8321
     96,         6.1544
     97,         4.2949
     98,         4.4034
     99,        12.0611
    100,        22.7986
    101,        30.8103
    102,        25.9819
    103,        23.9177
    104,        20.1696
    105,        16.5916
    106,        18.0555
    107,        23.4448
    108,        21.1455
    109,        18.1305
    110,        15.0628
    111,        13.3698
    112,        14.3206
    113,        26.1520
    114,        29.2590
    115,        25.9124
    116,        21.2522
    117,        20.4842
    118,        23.9985
    119,        19.5393
    120,        28.4211
    121,        35.6163
    122,        31.0176
    123,        26.4890
    124,        22.0678
    125,        26.4242
    126,        26.4163
    127,        21.4026
    128,        17.3515
    129,        15.9603
    130,        13.7705
    131,        10.6273
    132,         7.5835
    133,         5.8614
    134,         4.7479
    135,         2.2376
    136,       -10.9537
    137,       -34.8600
    138,       -49.3030
    139,       -60.1025
    140,       -68.1040
    141,       -38.0882
    142,         3.0473
    143,         6.3208
    144,         5.0748
    145,         3.1130
    146,        -3.8702
    147,       -17.6576
    148,         7.0394
    149,         7.1512
    150,         6.4781
    151,        10.5420
    152,        10.3700
    153,         7.5222
    154,         5.0905
    155,         2.9402
    156,        -6.3652
    157,       -29.1625
    158,       -35.1805
    159,       -44.6755
    160,       -51.9135
    161,       -60.7145
    162,       -68.2265
    163,       -75.5603
    164,       -81.8034
    165,       -87.7375
    166,       -68.0017
    167,       -47.3798
    168,       -51.6699
    169,       -20.1223
    170,         2.1492
    171,         0.9036
    172,         3.5423
    173,        26.4165
    174,        31.7481
    175,        27.6723
    176,        22.3194
    177,        19.4097
    178,        56.9301
    179,        64.4422
    180,        54.9079
    181,        46.2018
    182,        39.6390
    183,        35.7099
    184,        29.0697
    185,        23.4661
    186,        19.7674
    187,        14.9509
    188,        11.2751
    189,        11.6003
    190,         9.5120
    191,         6.8399
    192,         4.0585
    193,         1.3053
    194,       -18.0972
    195,       -37.6080
    196,       -35.9773
    197,       -42.2252
    198,       -49.2484
    199,       -53.6734
    200,         2.7445
    201,        53.0432
    202,        44.3226
    203,        36.8891
    204,        39.5330
    205,        36.2072
    206,        29.6252
    207,        23.8793
    208,        23.7686
    209,        19.4573
    210,        14.7667
    211,        10.7664
    212,         7.2951
    213,         8.3725
    214,        58.8808
    215,        50.0447
    216,        42.1014
    217,        47.7784
    218,        58.9383
    219,        53.4881
    220,        50.3914
    221,        48.2257
    222,        40.8721
    223,        34.1644
    224,        38.0222
    225,        32.8166
    226,        27.0766
    227,        21.8297
    228,        19.3608
    229,        17.4775
    230,        13.2758
    231,        11.5192
    232,         8.3342
    233,         5.5413
    234,         2.7710
    235,        -5.0725
    236,       -26.7547
    237,       -41.8831
    238,       -53.0630
    239,       -61.9456
    240,       -69.2451
    241,       -76.1516
    242,       -82.0372
    243,       -81.4566
    244,       -81.2513
    245,       -85.1011
    246,       -89.8153
    247,       -93.1928
    248,       -97.2925
    249,      -103.5077
    250,      -112.8232
    251,      -122.8585
    252,      -132.1470
    253,      -141.4574
    254,      -151.9065
    255,      -161.8273
    256,      -169.2790
    257,      -174.1615
    258,      -179.6154
    259,      -185.7158
    260,      -190.9535
    261,      -177.7243
    262,      -165.5586
    263,      -159.7086
    264,      -123.3827
    265,      -117.7925
    266,      -121.8300
    267,      -126.3896
    268,      -130.8151
    269,      -137.0728
    270,      -145.0423
    271,      -153.5475
    272,      -157.1739
    273,      -160.6031
    274,      -166.5903
    275,      -173.9377
    276,      -182.5555
    277,      -191.3605
    278,      -201.0955
    279,      -210.9351
    280,      -214.6049
    281,      -139.7550
    282,      -143.4282
    283,      -143.6263
    284,      -137.9881
    285,      -125.7233
    286,       -57.3817
    287,       -56.8137
    288,       -60.4563
    289,       -63.6029
    290,       -67.0222
    291,       -60.8992
    292,       -61.4317
    293,       -63.9252
    294,       -67.0747
    295,       -70.4221
    296,       -60.0237
    297,       -61.5816
    298,       -63.2474
    299,       -58.3420
    300,       -48.9411
    301,       -45.3936
    302,       -46.2151
    303,       -49.7768
    304,       -52.2073
    305,       -49.7515
    306,       -50.6412
    307,       -53.8450
    308,       -57.5523
    309,       -61.1846
    310,       -63.1874
    311,       -64.9483
    312,       -67.0632
    313,       -69.4767
    314,       -70.9766
    315,       -72.0464
    316,       -73.8024
    317,       -75.0882
    318,       -75.8371
    319,       -76.9965
    320,       -78.0317
    321,       -79.2162
    322,       -80.4880
    323,       -81.2149
    324,       -81.7679
    325,       -82.9923
    326,       -79.7445
    327,       -68.3632
    328,       -65.1804
    329,       -64.4816
    330,       -34.8511
    331,       -24.1214
    332,       -13.6442
    333,         0.4800
    334,         0.2297
    335,        -1.6620
    336,        -6.2767
    337,       -14.8534
    338,       -17.3505
    339,       -18.9755
    340,       -19.9500
    341,       -24.4220
    342,       -26.4354
    343,       -27.3126
    344,       -29.3937
    345,       -29.4747
    346,       -27.8174
    347,       -28.7991
    348,       -27.3180
    349,       -23.6167
    350,       -23.1487
    351,       -24.5972
    352,       -26.7621
    353,       -28.8837
    354,       -30.3668
    355,       -32.4196
    356,       -33.9502
    357,       -34.8716
    358,       -35.4131
    359,       -33.6937
    360,       -31.6621
    361,       -31.8813
    362,       -31.8403
    363,       -33.2191
    364,       -34.0913
    365,       -34.9644
    366,       -35.9175
    367,       -37.1806
    368,       -38.3120
    369,       -39.7593
    370,       -41.5906
    371,       -43.7700
    372,       -43.8031
    373,       -40.5112
    374,       -38.5032
    375,       -40.6954
    376,       -40.6915
    377,       -40.9002
    378,       -41.6422
    379,       -42.3396
    380,       -37.6028
    381,       -31.1573
    382,       -32.3233
    383,       -33.2271
    384,       -34.0476
    385,       -34.9624
    386,       -36.0311
    387,       -37.1383
    388,       -37.6666
    389,       -38.3031
    390,       -39.1248
    391,       -39.6184
    392,       -39.9408
    393,       -40.7461
    394,       -41.6560
    395,       -42.7804
    396,       -43.6398
    397,       -43.2181
    398,       -40.2129
    399,       -23.0177
    400,         1.5925
    401,         3.3810
    402,         3.2928
    403,         2.7468
    404,         2.1922
    405,         1.6548
    406,         1.2682
    407,         0.9421
    408,         0.6111
    409,         0.3238
    410,        -2.4595
    411,       -10.0171
    412,        -5.7689
    413,         0.7284
    414,         1.0375
    415,         0.5724
    416,        -2.5867
    417,        -8.3425
    418,        -9.7605
    419,       -13.8685
    420,       -17.9131
    421,       -21.1176
    422,       -23.7168
    423,       -25.3618
    424,       -22.0858
    425,       -16.3295
    426,        -8.6418
    427,         3.7889
    428,         4.8867
    429,         4.2144
    430,         3.5672
    431,         8.1150
    432,        12.3174
    433,        10.8054
    434,         9.2752
    435,         7.3280
    436,         5.4498
    437,        11.2962
    438,        13.9967
    439,        11.6877
    440,        20.9482
    441,        27.2978
    442,        28.0906
    443,        28.2905
    444,        24.2894
    445,        23.1687
    446,        20.4469
    447,        18.6605
    448,        22.5471
    449,        20.2354
    450,        17.1898
    451,        14.3698
    452,        11.8402
    453,         9.8685
    454,        13.4401
    455,        27.3009
    456,        26.4497
    457,        23.5385
    458,        28.3666
    459,        31.3852
    460,        26.3391
    461,        21.7971
    462,        17.7141
    463,        14.7826
    464,        12.4152
    465,         9.9172
    466,         8.0180
    467,         6.0260
    468,         3.8519
    469,         3.3047
    470,        10.0864
    471,        16.3739
    472,        34.7161
    473,        37.9980
    474,        46.6743
    475,        42.7056
    476,        36.5218
    477,        34.7092
    478,        43.7339
    479,        45.6673
    480,        38.9357
    481,        34.9696
    482,        30.2031
    483,        25.2339
    484,        20.4848
    485,        16.3483
    486,        13.0418
    487,        11.6267
    488,         9.9034
    489,        13.4066
    490,        11.0893
    491,         9.0803
    492,        10.2554
    493,        13.3443
    494,        13.2745
    495,        12.6810
    496,         9.2679
    497,         7.3926
    498,         5.1475
    499,         2.0971
    500,       -13.8561
    501,       -36.5171
    502,       -48.2439
    503,       -58.6333
    504,       -68.7904
    505,       -70.0565
    506,       -16.8940
    507,       -12.8398
    508,       -15.3718
    509,         2.3448
    510,        23.7385
    511,        26.7358
    512,        22.2958
    513,        37.8561
    514,        54.6058
    515,        47.7551
    516,        42.2755
    517,        35.6284
    518,        29.3446
    519,        23.5608
    520,        18.5367
    521,        14.2430
    522,        10.2001
    523,         9.6843
    524,         7.1746
    525,         5.0084
    526,         2.0679
    527,        -6.9753
    528,         9.3470
    529,         6.9718
    530,         4.1745
    531,         9.4991
    532,        10.5954
    533,         8.8919
    534,         8.1442
    535,         5.8489
    536,        13.6771
    537,        42.4786
    538,        40.0001
    539,        34.8699
    540,        31.1300
    541,        28.9160
    542,        23.2371
    543,        18.0874
    544,        13.4998
    545,         9.7046
    546,         6.1085
    547,         2.8084
    548,        -8.7642
    549,       -19.9099
    550,        14.9824
    551,        12.7665
    552,        11.4087
    553,        15.9630
    554,        16.0886
    555,        11.8155
    556,         7.9181
    557,         4.5811
    558,         1.7051
    559,       -17.1385
    560,        -7.8077
    561,         9.3028
    562,         6.1172
    563,         6.9751
    564,         4.6744
    565,         1.9627
    566,       -13.4018
    567,       -35.7833
    568,       -48.9239
    569,       -59.9881
    570,       -69.2312
    571,       -77.0349
    572,        -7.0476
    573,        12.0737
    574,         8.6460
    575,         5.2940
    576,         2.3003
    577,         1.7275
    578,       -14.6936
    579,       -36.9394
    580,       -49.8716
    581,       -37.0897
    582,         9.6069
    583,         7.6144
    584,         4.4533
    585,         1.6414
    586,        -1.6060
    587,         4.7015
    588,         3.4193
    589,        -4.9684
    590,       -25.7851
    591,       -39.2128
    592,       -51.1060
    593,       -46.0452
    594,         1.1917
    595,       -10.8960
    596,       -13.1950
    597,         5.7288
    598,         2.8650
    599,        -8.5033
    600,       -30.4496
    601,       -44.7327
    602,       -55.2929
    603,       -62.0818
    604,       -67.6210
    605,       -74.9462
    606,       -81.9606
    607,       -88.5072
    608,       -94.3090
    609,       -99.3584
    610,      -107.7260
    611,      -119.1657
    612,      -126.9863
    613,      -136.6868
    614,      -139.5317
    615,      -142.8586
    616,      -146.6951
    617,      -151.2280
    618,      -157.3149
    619,      -166.8490
    620,      -177.3764
    621,      -187.6801
    622,      -197.1626
    623,      -206.2004
    624,      -215.3012
    625,      -224.6010
    626,      -227.9468
    627,      -225.0151
    628,      -228.8106
    629,      -223.4986
    630,      -208.9241
    631,      -193.7608
    632,      -197.1420
    633,      -204.9041
    634,      -212.2539
    635,      -217.7160
    636,      -223.9885
    637,      -230.9161
    638,      -239.0943
    639,      -248.0625
    640,      -256.4041
    641,      -263.5113
    642,      -271.0967
    643,      -273.0543
    644,      -246.3757
    645,      -220.5262
    646,      -223.3525
    647,      -215.1777
    648,      -193.3572
    649,      -187.8820
    650,      -177.5634
    651,      -177.8807
    652,      -181.9965
    653,      -184.8274
    654,      -188.8457
    655,      -194.6658
    656,      -196.1802
    657,      -176.7479
    658,      -152.6055
    659,      -151.9873
    660,      -154.0843
    661,      -156.6719
    662,      -133.0088
    663,      -114.7586
    664,      -106.7917
    665,       -97.3791
    666,       -96.7384
    667,       -96.4762
    668,       -90.8854
    669,       -85.9710
    670,       -87.6460
    671,       -88.9902
    672,       -90.0288
    673,       -90.8861
    674,       -91.6890
    675,       -92.6771
    676,       -77.7047
    677,       -72.5615
    678,       -72.8728
    679,       -73.4996
    680,       -24.4593
    681,        18.8570
    682,        16.5828
    683,        15.0426
    684,        13.6016
    685,        11.6845
    686,         9.9206
    687,         8.3419
    688,         7.0056
    689,         5.8846
    690,         5.0167
    691,         4.1142
    692,         3.4742
    693,         2.9508
    694,         2.3346
    695,         1.8251
    696,         1.4921
    697,         0.8676
    698,         0.5436
    699,         0.2166
    700,        -8.8211
    701,        -7.1870
    702,         6.2092
    703,         6.6624
    704,         6.0675
    705,         5.1586
    706,         4.1602
    707,         3.6620
    708,         2.9354
    709,         2.4014
    710,         2.0721
    711,         1.4515
    712,         0.8961
    713,         0.4974
    714,        -3.9866
    715,        -8.0463
    716,         1.3692
    717,         1.2469
    718,         1.0707
    719,         1.2444
    720,         1.4634
    721,         1.3437
    722,         1.1588
    723,         0.9203
    724,         0.8019
    725,         0.7142
    726,         0.5765
    727,         0.3707
    728,         0.2722
    729,         0.1036
    730,        -3.0408
    731,        -9.0629
    732,       -11.7545
    733,       -14.0215
    734,       -16.3471
    735,       -19.3015
    736,       -21.5142
    737,       -23.3381
    738,       -23.4001
    739,       -22.1294
    740,       -24.1041
    741,        -9.7808
    742,        17.3859
    743,        24.2104
    744,        21.2524
    745,        18.5744
    746,        16.1995
    747,        14.0878
    748,        12.1768
    749,        10.4861
    750,         9.0157
    751,         7.7046
    752,         6.5361
    753,         5.5022
    754,         4.5605
    755,         3.7240
    756,         2.9386
    757,         2.2524
    758,         1.5419
    759,         0.9400
    760,         0.5150
    761,        -1.7408
    762,       -12.4719
    763,       -18.2665
    764,       -22.3487
    765,       -25.8233
    766,       -28.4359
    767,       -30.8541
    768,       -32.7745
    769,       -34.4936
    770,       -36.3692
    771,       -38.1111
    772,       -38.9107
    773,       -39.7405
    774,       -40.9651
    775,       -42.3904
    776,       -43.7052
    777,       -44.9659
    778,       -46.1013
    779,       -47.4354
    780,       -48.6713
    781,       -49.4719
    782,       -50.5420
    783,       -51.9617
    784,       -53.1676
    785,       -54.1215
    786,       -55.5993
    787,       -57.0136
    788,       -58.5879
    789,       -59.0516
    790,       -59.2838
    791,       -61.0839
    792,       -62.6494
    793,       -64.5496
    794,       -66.6761
    795,       -67.6579
    796,       -68.3115
    797,       -69.4361
    798,       -69.6666
    799,       -65.3001
    800,       -59.7834
    801,       -57.3629
    802,       -55.2471
    803,       -57.3930
    804,       -47.7900
    805,       -37.5220
    806,       -42.7885
    807,       -47.1981
    808,       -50.9843
    809,       -53.6939
    810,       -56.5913
    811,       -59.2281
    812,       -61.9634
    813,       -64.6221
    814,       -67.0448
    815,       -69.0704
    816,       -71.2785
    817,       -73.5374
    818,       -76.5378
    819,       -79.6745
    820,       -70.2146
    821,       -24.8399
    822,         4.8792
    823,         2.2951
    824,        -9.8962
    825,       -33.1882
    826,       -45.4112
    827,       -42.2629
    828,        -4.2415
    829,         6.2148
    830,         5.8087
    831,         2.7483
    832,        -4.0323
    833,        -6.9412
    834,         3.0743
    835,        -0.4241
    836,        -2.7874
    837,         7.5387
    838,         4.8506
    839,         4.9428
    840,         8.1823
    841,         9.4188
    842,         7.8922
    843,         8.1691
    844,         4.5082
    845,         0.0373
    846,       -27.7129
    847,       -47.7926
    848,        -7.4763
    849,        19.7269
    850,        36.3074
    851,        40.4084
    852,        36.1600
    853,        31.5642
    854,        27.3330
    855,        26.9846
    856,        25.9080
    857,        21.8980
    858,        17.5778
    859,        13.8840
    860,        11.6262
    861,         9.1786
    862,         7.2605
    863,         5.4527
    864,         3.8406
    865,         4.1846
    866,         2.6593
    867,        -7.3423
    868,       -29.5126
    869,       -30.5924
    870,       -22.5344
    871,        11.8661
    872,        20.7907
    873,        20.7256
    874,        16.5816
    875,        12.7873
    876,         9.6192
    877,         6.6960
    878,         3.7578
    879,         1.6933
    880,        -1.3291
    881,        12.9888
    882,        14.4122
    883,        13.0039
    884,        11.0807
    885,         7.9325
    886,         5.6523
    887,        14.0727
    888,        14.9281
    889,        12.1997
    890,         9.0215
    891,        10.9882
    892,        15.9382
    893,        12.4603
    894,         8.6682
    895,         5.3423
    896,         3.7011
    897,         3.5574
    898,         2.6613
    899,         3.6608
    900,         1.6809
    901,       -15.2136
    902,       -13.1319
    903,        14.4232
    904,        14.6853
    905,        14.2833
    906,        11.6006
    907,         8.0621
    908,         7.1246
    909,         9.6723
    910,        12.2477
    911,        16.8241
    912,        12.6566
    913,         8.7531
    914,         5.2686
    915,         2.3402
    916,       -12.5728
    917,       -38.0600
    918,       -47.5983
    919,       -40.3738
    920,        -3.1029
    921,         3.2411
    922,        15.1505
    923,        11.7412
    924,         8.5957
    925,        15.8815
    926,        16.6679
    927,        20.7135
    928,        17.8109
    929,        16.1577
    930,        25.6685
    931,        47.6183
    932,        39.8758
    933,        33.1364
    934,        27.2825
    935,        22.1865
    936,        17.9637
    937,        14.3045
    938,        12.9221
    939,        11.4814
    940,         9.3600
    941,         6.2665
    942,         4.4771
    943,         2.1330
    944,       -12.2176
    945,       -35.5505
    946,       -49.1703
    947,       -59.1722
    948,        -2.8673
    949,         4.7563
    950,         4.8286
    951,         3.0418
    952,         0.9762
    953,       -16.5054
    954,       -36.8812
    955,       -48.5291
    956,       -58.3745
    957,       -66.8961
    958,       -74.6820
    959,       -81.7478
    960,       -88.2683
    961,       -94.2103
    962,      -100.5787
    963,      -109.6638
    964,       -96.3375
    965,       -98.5489
    966,      -106.9568
    967,      -118.2199
    968,      -127.0639
    969,      -132.5087
    970,      -116.4929
    971,      -126.0758
    972,       -92.0680
    973,       -63.3905
    974,       -59.6059
    975,       -38.4612
    976,       -41.7109
    977,       -50.8122
    978,       -59.8905
    979,       -67.9010
    980,       -75.1949
    981,       -81.7303
    982,       -86.1417
    983,       -76.0866
    984,       -68.2128
    985,       -71.2049
    986,       -71.1653
    987,       -76.7918
    988,       -81.4299
    989,       -80.9613
    990,       -84.5459
    991,       -88.6083
    992,       -90.5040
    993,       -87.3627
    994,       -86.6162
    995,       -89.5604
    996,       -93.3626
    997,       -97.5613
    998,      -103.4678
    999,      -111.1757
   1000,      -119.1164
   1001,      -112.4827
   1002,       -86.9569
   1003,       -72.2448
   1004,       -77.8010
   1005,       -82.6227
   1006,       -86.4273
   1007,       -87.8951
   1008,       -88.8000
   1009,       -58.7424
   1010,        17.6189
   1011,        15.0897
   1012,        12.0148
   1013,         9.1098
   1014,         6.6261
   1015,         6.1147
   1016,        11.4262
   1017,        11.8277
   1018,        12.4562
   1019,        27.9895
   1020,        27.5548
   1021,        24.1478
   1022,        21.4020
   1023,        18.5162
   1024,        18.1179
   1025,        18.1155
   1026,        16.2111
   1027,        14.2025
   1028,        12.7711
   1029,        11.2696
   1030,        10.8962
   1031,         9.9018
   1032,         8.4673
   1033,         7.2558
   1034,         6.7144
   1035,         6.8885
   1036,         6.2912
   1037,         5.4014
   1038,         4.4892
   1039,         5.3615
   1040,         6.5200
   1041,         5.6638
   1042,         4.8455
   1043,         4.1398
   1044,         4.3554
   1045,         7.6271
   1046,         8.8717
   1047,         7.6906
   1048,         6.7030
   1049,         5.8488
   1050,         5.0339
   1051,         4.3610
   1052,         5.8148
   1053,         5.3138
   1054,         5.0429
   1055,         4.6447
   1056,         3.9587
   1057,         3.4427
   1058,         2.9653
   1059,         2.5162
   1060,         2.0580
   1061,         1.7106
   1062,         1.4263
   1063,         1.2420
   1064,         1.0808
   1065,         1.9515
   1066,         2.6943
   1067,         2.3857
   1068,         2.1428
   1069,         1.9192
   1070,         1.7093
   1071,         1.5190
   1072,         1.3892
   1073,         1.2663
   1074,         1.1370
   1075,         1.0277
   1076,         0.9250
   1077,         0.8162
   1078,         0.6918
   1079,         0.5653
   1080,         0.4778
   1081,         0.3763
   1082,         0.2577
   1083,         0.1201
   1084,        -3.7878
   1085,        -8.4462
   1086,       -11.1559
   1087,       -13.3152
   1088,       -14.8626
   1089,       -16.0866
   1090,       -17.7131
   1091,       -18.9291
   1092,       -10.9001
   1093,         1.9085
   1094,         1.7066
   1095,         1.5303
   1096,         1.3774
   1097,         1.2407
   1098,         1.1153
   1099,         0.9732
   1100,         0.8599
   1101,         0.7758
   1102,         0.6946
   1103,         0.6059
   1104,         0.5064
   1105,         0.3682
   1106,         0.2438
   1107,         0.1751
   1108,         0.5827
   1109,         1.0043
   1110,         0.8089
   1111,         0.6527
   1112,         0.5005
   1113,         0.3677
   1114,         0.1906
   1115,        -1.2341
   1116,        -6.5871
   1117,       -10.0392
   1118,       -12.4746
   1119,       -14.3180
   1120,       -16.3953
   1121,       -18.2856
   1122,       -19.8822
   1123,       -21.0645
   1124,       -22.2038
   1125,       -23.8181
   1126,       -25.8115
   1127,       -27.0453
   1128,       -28.2792
   1129,       -29.3512
   1130,       -30.5607
   1131,       -31.7418
   1132,       -32.7408
   1133,       -33.7024
   1134,       -34.8485
   1135,       -36.1214
   1136,       -37.2875
   1137,       -38.2387
   1138,       -39.3515
   1139,       -40.3110
   1140,       -41.3594
   1141,       -42.1272
   1142,       -43.0989
   1143,       -44.0388
   1144,       -45.0645
   1145,       -44.8977
   1146,       -23.5139
   1147,         2.9608
   1148,         3.0232
   1149,         2.2233
   1150,         1.4608
   1151,         0.7594
   1152,        -1.4019
   1153,       -13.4933
   1154,       -20.5603
   1155,       -25.0860
   1156,       -28.6401
   1157,       -31.5031
   1158,       -34.0249
   1159,       -36.4222
   1160,       -39.0032
   1161,       -41.6531
   1162,       -43.2250
   1163,       -44.8985
   1164,       -21.4685
   1165,         1.8395
   1166,        -1.4378
   1167,       -18.0835
   1168,       -28.9551
   1169,       -35.7468
   1170,       -39.7818
   1171,       -43.6411
   1172,       -42.5208
   1173,       -42.3400
   1174,       -45.6082
   1175,       -49.2323
   1176,       -45.4468
   1177,       -39.5067
   1178,       -43.2993
   1179,       -46.8269
   1180,       -50.1257
   1181,       -53.1169
   1182,       -56.0054
   1183,       -58.5193
   1184,       -61.7330
   1185,       -65.7003
   1186,       -52.5630
   1187,       -27.7746
   1188,       -37.7526
   1189,       -46.2432
   1190,       -51.8083
   1191,       -57.4989
   1192,       -62.7278
   1193,       -44.5524
   1194,       -49.6247
   1195,       -56.1041
   1196,        -4.5280
   1197,         9.1926
   1198,         6.0178
   1199,         3.7643
   1200,         1.3718
   1201,       -18.5142
   1202,       -37.8542
   1203,       -48.1448
   1204,       -57.0575
   1205,       -15.5177
   1206,       -28.8881
   1207,         0.7411
   1208,        10.3709
   1209,         6.9394
   1210,        14.0679
   1211,        18.3225
   1212,        16.8072
   1213,        12.0893
   1214,         8.8778
   1215,        12.8434
   1216,        22.5071
   1217,        23.1353
   1218,        22.4229
   1219,        21.0768
   1220,        17.7996
   1221,        16.3382
   1222,        15.6468
   1223,        16.8280
   1224,        26.5282
   1225,        38.8499
   1226,        36.1988
   1227,        32.5795
   1228,        44.4931
   1229,        51.9946
   1230,        45.6359
   1231,        39.7620
   1232,        34.1754
   1233,        28.7050
   1234,        23.6014
   1235,        21.1667
   1236,        21.0227
   1237,        17.3106
   1238,        14.1552
   1239,        10.5095
   1240,         7.1332
   1241,         4.0790
   1242,         1.4752
   1243,       -18.3464
   1244,       -40.9418
   1245,       -53.1945
   1246,       -63.0324
   1247,        -5.4459
   1248,        24.5960
   1249,        29.0458
   1250,        26.6784
   1251,        21.3897
   1252,        22.0120
   1253,        23.2850
   1254,        19.4881
   1255,        15.1257
   1256,        11.1419
   1257,         7.6127
   1258,         9.3579
   1259,        43.9314
   1260,        44.1859
   1261,        40.8530
   1262,        54.4008
   1263,        60.4242
   1264,        51.4906
   1265,        43.0562
   1266,        38.9999
   1267,        44.6598
   1268,        37.9842
   1269,        31.8081
   1270,        26.6673
   1271,        25.3001
   1272,        24.5254
   1273,        20.2171
   1274,        16.5250
   1275,        38.3898
   1276,        47.7726
   1277,        40.9712
   1278,        38.7041
   1279,        33.0515
   1280,        27.0277
   1281,        22.0016
   1282,        18.0597
   1283,        20.8907
   1284,        22.6134
   1285,        20.0120
   1286,        17.9431
   1287,        13.6762
   1288,        20.8591
   1289,        17.7667
   1290,        15.4145
   1291,        19.3714
   1292,        17.7221
   1293,        13.5357
   1294,         9.7377
   1295,         6.3635
   1296,         3.3676
   1297,        -2.5737
   1298,       -21.5044
   1299,         7.4223
   1300,         4.4555
   1301,         1.7573
   1302,        -6.3768
   1303,       -12.8478
   1304,         4.8869
   1305,         2.8674
   1306,        -4.8153
   1307,       -23.2371
   1308,       -40.8361
   1309,       -53.0702
   1310,       -62.8559
   1311,       -70.4899
   1312,       -77.4392
   1313,       -84.4246
   1314,       -90.8076
   1315,       -96.9250
   1316,      -105.6437
   1317,      -117.0262
   1318,      -112.3928
   1319,       -92.6904
   1320,       -98.0268
   1321,      -103.3020
   1322,      -113.5535
   1323,      -124.7037
   1324,      -132.1758
   1325,      -136.2974
   1326,      -120.5777
   1327,       -49.5331
   1328,       -52.8773
   1329,       -59.1467
   1330,       -63.8634
   1331,       -68.1109
   1332,       -22.8998
   1333,         0.9511
   1334,        -7.1096
   1335,       -23.8640
   1336,       -37.8555
   1337,         2.7868
   1338,        12.6000
   1339,        10.7412
   1340,         9.1698
   1341,         7.4903
   1342,         6.3040
   1343,        11.9810
   1344,        11.4076
   1345,         8.4368
   1346,         5.6142
   1347,         3.1469
   1348,         2.5073
   1349,        10.6831
   1350,         8.8115
   1351,         6.9961
   1352,         5.3101
   1353,         4.0689
   1354,         2.6646
   1355,        -0.3741
   1356,       -17.1573
   1357,       -30.9443
   1358,       -27.7252
   1359,        -9.7558
   1360,        13.3753
   1361,        10.5177
   1362,         7.7097
   1363,         5.5808
   1364,         4.1925
   1365,         2.5163
   1366,        -3.4410
   1367,       -16.3051
   1368,         1.7445
   1369,         0.7505
   1370,         0.2418
   1371,         2.2146
   1372,         7.3496
   1373,        10.8145
   1374,         8.8569
   1375,         6.9408
   1376,         5.4752
   1377,         4.1351
   1378,         2.9938
   1379,         2.0537
   1380,         0.9885
   1381,        -7.4304
   1382,         7.4163
   1383,         7.8160
   1384,         5.7939
   1385,         3.9238
   1386,         2.9851
   1387,         2.0269
   1388,         0.8892
   1389,        -0.0386
   1390,       -12.3504
   1391,       -23.2348
   1392,         0.0629
   1393,       -10.3396
   1394,       -28.3543
   1395,       -36.6912
   1396,       -34.0802
   1397,         4.4832
   1398,         6.2616
   1399,         5.2856
   1400,         4.1412
   1401,         3.1082
   1402,         2.0543
   1403,         1.3263
   1404,         1.8321
   1405,         1.6806
   1406,         1.4050
   1407,         2.5438
   1408,         4.4348
   1409,         3.5532
   1410,         2.7702
   1411,         2.0362
   1412,         1.4393
   1413,         1.0017
   1414,         0.6231
   1415,         0.0427
   1416,        -5.8706
   1417,       -14.8913
   1418,       -20.9336
   1419,       -25.5833
   1420,       -27.9524
   1421,       -32.7661
   1422,       -33.2417
   1423,       -29.6102
   1424,       -28.0527
   1425,       -30.2027
   1426,       -33.2710
   1427,       -35.1125
   1428,       -39.1429
   1429,       -42.0803
   1430,       -43.5049
   1431,       -45.8488
   1432,       -49.0519
   1433,       -51.4930
   1434,       -54.0415
   1435,       -56.0816
   1436,       -56.8731
   1437,       -58.7276
   1438,       -59.2531
   1439,       -59.4432
   1440,       -60.0450
   1441,       -60.4995
   1442,       -56.1968
   1443,       -48.4989
   1444,       -46.7878
   1445,       -30.5482
   1446,       -25.0706
   1447,       -26.0409
   1448,       -26.7254
   1449,       -28.0194
   1450,       -28.9706
   1451,       -29.6156
   1452,       -11.4612
   1453,         6.7527
   1454,         6.7400
   1455,         6.1434
   1456,         5.4269
   1457,         4.7296
   1458,         4.1665
   1459,         3.7575
   1460,         3.3405
   1461,         2.8944
