      1,         0.5750
      2,         0.5750
      3,         0.5750
      4,         0.5750
      5,         0.5763
      6,         0.5763
      7,         0.5763
      8,         0.5763
      9,         0.5763
     10,         0.5763
     11,         0.5763
     12,         0.5763
     13,         0.5763
     14,         0.5763
     15,         0.5763
     16,         0.5763
     17,         0.5763
     18,         0.5763
     19,         0.5763
     20,         0.5763
     21,         0.5763
     22,         0.5763
     23,         0.5763
     24,         0.5763
     25,         0.5763
     26,         0.5763
     27,         0.5763
     28,         0.5763
     29,         0.5763
     30,         0.5763
     31,         0.5763
     32,         0.5763
     33,         0.5763
     34,         0.5763
     35,         0.5763
     36,         0.5763
     37,         0.5763
     38,         0.5763
     39,         0.5763
     40,         0.5763
     41,         0.5763
     42,         0.5763
     43,         0.5763
     44,         0.5763
     45,         0.7925
     46,         0.8250
     47,         0.8011
     48,         0.7475
     49,         0.6949
     50,         0.6949
     51,         0.6949
     52,         0.6949
     53,         0.6949
     54,         0.6949
     55,         0.6949
     56,         0.6962
     57,         0.6962
     58,         0.6962
     59,         0.6999
     60,         0.7312
     61,         0.7312
     62,         0.7312
     63,         0.7312
     64,         0.7312
     65,         0.7312
     66,         0.7362
     67,         0.7549
     68,         0.7587
     69,         0.7587
     70,         0.7587
     71,         0.7624
     72,         0.7737
     73,         0.7762
     74,         0.7762
     75,         0.7300
     76,         0.6945
     77,         0.6172
     78,         0.6172
     79,         0.6172
     80,         0.5753
     81,         0.5261
     82,         0.5261
     83,         0.5261
     84,         0.5261
     85,         0.5261
     86,         0.5261
     87,         0.5261
     88,         0.5261
     89,         0.5261
     90,         0.5261
     91,         0.5261
     92,         0.4960
     93,         0.4360
     94,         0.4068
     95,         0.3772
     96,         0.3784
     97,         0.3553
     98,         0.3011
     99,         0.0616
    100,         0.0000
    101,         0.0000
    102,         0.0000
    103,         0.0000
    104,         0.0000
    105,         0.0000
    106,         0.0000
    107,         0.1475
    108,         0.1713
    109,         0.1738
    110,         0.1738
    111,         0.1518
    112,         0.1150
    113,         0.0464
    114,         0.0000
    115,         0.0000
    116,         0.0000
    117,         0.0000
    118,         0.0000
    119,         0.0000
    120,         0.0000
    121,         0.0000
    122,         0.0113
    123,         0.0000
    124,         0.0000
    125,         0.0000
    126,         0.0000
    127,         0.0000
    128,         0.0000
    129,         0.0000
    130,         0.0000
    131,         0.0000
    132,         0.0000
    133,         0.0000
    134,         0.0000
    135,         0.0000
    136,         0.0000
    137,         0.0000
    138,         0.0000
    139,         0.0000
    140,         0.0000
    141,         0.0000
    142,         0.0000
    143,         0.0000
    144,         0.0000
    145,         0.0000
    146,         0.0000
    147,         0.0000
    148,         0.0000
    149,         0.0000
    150,         0.0000
    151,         0.0000
    152,         0.0000
    153,         0.0000
    154,         0.0000
    155,         0.0000
    156,         0.0000
    157,         0.0000
    158,         0.0000
    159,         0.0000
    160,         0.0000
    161,         0.0000
    162,         0.0000
    163,         0.0000
    164,         0.0000
    165,         0.0000
    166,         0.0000
    167,         0.0000
    168,         0.0000
    169,         0.0000
    170,         0.0000
    171,         0.0000
    172,         0.0000
    173,         0.0000
    174,         0.0000
    175,         0.0000
    176,         0.0000
    177,         0.0000
    178,         0.0000
    179,         0.0000
    180,         0.0000
    181,         0.0000
    182,         0.0000
    183,         0.0000
    184,         0.0000
    185,         0.0000
    186,         0.0000
    187,         0.0000
    188,         0.0000
    189,         0.0000
    190,         0.0000
    191,         0.0000
    192,         0.0000
    193,         0.0000
    194,         0.0000
    195,         0.0000
    196,         0.0000
    197,         0.0000
    198,         0.0000
    199,         0.0000
    200,         0.0000
    201,         0.0000
    202,         0.0000
    203,         0.0000
    204,         0.0000
    205,         0.0000
    206,         0.0000
    207,         0.0000
    208,         0.0000
    209,         0.0000
    210,         0.0000
    211,         0.0000
    212,         0.0000
    213,         0.0000
    214,         0.0000
    215,         0.0000
    216,         0.0000
    217,         0.0000
    218,         0.0000
    219,         0.0000
    220,         0.0000
    221,         0.0000
    222,         0.0000
    223,         0.0000
    224,         0.0000
    225,         0.0000
    226,         0.0000
    227,         0.0000
    228,         0.0000
    229,         0.0000
    230,         0.0000
    231,         0.0000
    232,         0.0000
    233,         0.0000
    234,         0.0000
    235,         0.0000
    236,         0.0000
    237,         0.0000
    238,         0.0000
    239,         0.0000
    240,         0.0000
    241,         0.0000
    242,         0.0000
    243,         0.0000
    244,         0.0000
    245,         0.0000
    246,         0.0000
    247,         0.0000
    248,         0.0000
    249,         0.0000
    250,         0.0000
    251,         0.0000
    252,         0.0000
    253,         0.0000
    254,         0.0000
    255,         0.0000
    256,         0.0000
    257,         0.0000
    258,         0.0000
    259,         0.0000
    260,         0.0000
    261,         0.0000
    262,         0.0000
    263,         0.0000
    264,         0.0000
    265,         0.0000
    266,         0.0000
    267,         0.0000
    268,         0.0000
    269,         0.0000
    270,         0.0000
    271,         0.0000
    272,         0.0000
    273,         0.0000
    274,         0.0000
    275,         0.0000
    276,         0.0000
    277,         0.0000
    278,         0.0000
    279,         0.0000
    280,         0.0000
    281,         0.0000
    282,         0.0000
    283,         0.0000
    284,         0.0000
    285,         0.0000
    286,         0.0000
    287,         0.0000
    288,         0.0000
    289,         0.0000
    290,         0.0000
    291,         0.0000
    292,         0.0000
    293,         0.0000
    294,         0.0000
    295,         0.0000
    296,         0.0000
    297,         0.0000
    298,         0.0000
    299,         0.0000
    300,         0.0000
    301,         0.0000
    302,         0.0000
    303,         0.0025
    304,         0.0000
    305,         0.0000
    306,         0.0000
    307,         0.0000
    308,         0.0012
    309,         0.0000
    310,         0.0000
    311,         0.0000
    312,         0.0000
    313,         0.0000
    314,         0.0000
    315,         0.0012
    316,         0.0037
    317,         0.0000
    318,         0.0000
    319,         0.0000
    320,         0.0012
    321,         0.0012
    322,         0.0012
    323,         0.0012
    324,         0.0012
    325,         0.0012
    326,         0.0012
    327,         0.0512
    328,         0.0446
    329,         0.0400
    330,         0.0346
    331,         0.0306
    332,         0.0306
    333,         0.0568
    334,         0.0706
    335,         0.0706
    336,         0.0706
    337,         0.0718
    338,         0.0718
    339,         0.0718
    340,         0.0718
    341,         0.0718
    342,         0.0718
    343,         0.0718
    344,         0.0718
    345,         0.0793
    346,         0.1106
    347,         0.1106
    348,         0.1106
    349,         0.1060
    350,         0.1060
    351,         0.1060
    352,         0.1060
    353,         0.1110
    354,         0.1110
    355,         0.1110
    356,         0.1110
    357,         0.1110
    358,         0.1110
    359,         0.1123
    360,         0.1235
    361,         0.1187
    362,         0.1199
    363,         0.1199
    364,         0.1199
    365,         0.1199
    366,         0.1199
    367,         0.1199
    368,         0.1199
    369,         0.1199
    370,         0.1437
    371,         0.1437
    372,         0.1380
    373,         0.1380
    374,         0.1530
    375,         0.1530
    376,         0.1530
    377,         0.1568
    378,         0.1568
    379,         0.1568
    380,         0.1568
    381,         0.1830
    382,         0.1830
    383,         0.1830
    384,         0.1830
    385,         0.1830
    386,         0.1830
    387,         0.1830
    388,         0.1830
    389,         0.1830
    390,         0.1830
    391,         0.1830
    392,         0.1843
    393,         0.1843
    394,         0.1843
    395,         0.1843
    396,         0.1843
    397,         0.1855
    398,         0.1905
    399,         0.2043
    400,         0.2418
    401,         0.2880
    402,         0.2980
    403,         0.3005
    404,         0.3005
    405,         0.3005
    406,         0.3068
    407,         0.3068
    408,         0.3080
    409,         0.3080
    410,         0.3080
    411,         0.3093
    412,         0.3118
    413,         0.3193
    414,         0.3355
    415,         0.3368
    416,         0.3368
    417,         0.3368
    418,         0.3380
    419,         0.3380
    420,         0.3380
    421,         0.3380
    422,         0.3393
    423,         0.3393
    424,         0.3530
    425,         0.3693
    426,         0.3693
    427,         0.4130
    428,         0.4555
    429,         0.4555
    430,         0.4618
    431,         0.4618
    432,         0.4584
    433,         0.4584
    434,         0.4584
    435,         0.4659
    436,         0.4597
    437,         0.4504
    438,         0.4375
    439,         0.4265
    440,         0.1337
    441,         0.1262
    442,         0.0000
    443,         0.0000
    444,         0.0000
    445,         0.0000
    446,         0.0000
    447,         0.0000
    448,         0.0000
    449,         0.0000
    450,         0.0000
    451,         0.0000
    452,         0.0000
    453,         0.0000
    454,         0.0000
    455,         0.2200
    456,         0.2140
    457,         0.2045
    458,         0.0000
    459,         0.0000
    460,         0.0000
    461,         0.0000
    462,         0.0000
    463,         0.0000
    464,         0.0000
    465,         0.0000
    466,         0.0000
    467,         0.0012
    468,         0.0000
    469,         0.0000
    470,         0.0000
    471,         0.0000
    472,         0.0000
    473,         0.0088
    474,         0.0040
    475,         0.0000
    476,         0.0000
    477,         0.0000
    478,         0.0000
    479,         0.0000
    480,         0.0000
    481,         0.0000
    482,         0.0000
    483,         0.0000
    484,         0.0000
    485,         0.0000
    486,         0.0000
    487,         0.0000
    488,         0.0000
    489,         0.0000
    490,         0.0000
    491,         0.0000
    492,         0.0000
    493,         0.0000
    494,         0.0000
    495,         0.0000
    496,         0.0000
    497,         0.0000
    498,         0.0000
    499,         0.0000
    500,         0.0000
    501,         0.0000
    502,         0.0000
    503,         0.0000
    504,         0.0000
    505,         0.0000
    506,         0.0000
    507,         0.0000
    508,         0.0000
    509,         0.0000
    510,         0.0000
    511,         0.0000
    512,         0.0000
    513,         0.0000
    514,         0.0000
    515,         0.0000
    516,         0.0000
    517,         0.0000
    518,         0.0000
    519,         0.0000
    520,         0.0000
    521,         0.0000
    522,         0.0000
    523,         0.0000
    524,         0.0000
    525,         0.0000
    526,         0.0000
    527,         0.0000
    528,         0.0000
    529,         0.0000
    530,         0.0000
    531,         0.0000
    532,         0.0000
    533,         0.0000
    534,         0.0000
    535,         0.0000
    536,         0.0000
    537,         0.0000
    538,         0.0000
    539,         0.0000
    540,         0.0000
    541,         0.0000
    542,         0.0000
    543,         0.0000
    544,         0.0000
    545,         0.0000
    546,         0.0000
    547,         0.0000
    548,         0.0000
    549,         0.0000
    550,         0.0000
    551,         0.0000
    552,         0.0000
    553,         0.0000
    554,         0.0000
    555,         0.0000
    556,         0.0000
    557,         0.0000
    558,         0.0000
    559,         0.0000
    560,         0.0000
    561,         0.0000
    562,         0.0000
    563,         0.0000
    564,         0.0000
    565,         0.0000
    566,         0.0000
    567,         0.0000
    568,         0.0000
    569,         0.0000
    570,         0.0000
    571,         0.0000
    572,         0.0000
    573,         0.0000
    574,         0.0000
    575,         0.0000
    576,         0.0000
    577,         0.0000
    578,         0.0000
    579,         0.0000
    580,         0.0000
    581,         0.0000
    582,         0.0000
    583,         0.0000
    584,         0.0000
    585,         0.0000
    586,         0.0000
    587,         0.0000
    588,         0.0000
    589,         0.0000
    590,         0.0000
    591,         0.0000
    592,         0.0000
    593,         0.0000
    594,         0.0000
    595,         0.0000
    596,         0.0000
    597,         0.0000
    598,         0.0000
    599,         0.0000
    600,         0.0000
    601,         0.0000
    602,         0.0000
    603,         0.0000
    604,         0.0000
    605,         0.0000
    606,         0.0000
    607,         0.0000
    608,         0.0000
    609,         0.0000
    610,         0.0000
    611,         0.0000
    612,         0.0000
    613,         0.0000
    614,         0.0000
    615,         0.0000
    616,         0.0000
    617,         0.0000
    618,         0.0000
    619,         0.0000
    620,         0.0000
    621,         0.0000
    622,         0.0000
    623,         0.0000
    624,         0.0000
    625,         0.0000
    626,         0.0000
    627,         0.0000
    628,         0.0000
    629,         0.0000
    630,         0.0000
    631,         0.0000
    632,         0.0000
    633,         0.0000
    634,         0.0000
    635,         0.0000
    636,         0.0000
    637,         0.0000
    638,         0.0000
    639,         0.0000
    640,         0.0000
    641,         0.0000
    642,         0.0000
    643,         0.0000
    644,         0.0000
    645,         0.0000
    646,         0.0000
    647,         0.0000
    648,         0.0000
    649,         0.0000
    650,         0.0000
    651,         0.0000
    652,         0.0000
    653,         0.0000
    654,         0.0000
    655,         0.0000
    656,         0.0000
    657,         0.0000
    658,         0.0000
    659,         0.0000
    660,         0.0000
    661,         0.0000
    662,         0.0000
    663,         0.0000
    664,         0.0000
    665,         0.0000
    666,         0.0088
    667,         0.0200
    668,         0.0213
    669,         0.0194
    670,         0.0194
    671,         0.0194
    672,         0.0181
    673,         0.0181
    674,         0.0194
    675,         0.0194
    676,         0.0206
    677,         0.0189
    678,         0.0170
    679,         0.0144
    680,         0.0131
    681,         0.0098
    682,         0.0148
    683,         0.0148
    684,         0.0311
    685,         0.0311
    686,         0.0311
    687,         0.0311
    688,         0.0289
    689,         0.0258
    690,         0.0232
    691,         0.0232
    692,         0.0217
    693,         0.0242
    694,         0.0242
    695,         0.0242
    696,         0.0242
    697,         0.0242
    698,         0.0242
    699,         0.0242
    700,         0.0242
    701,         0.0242
    702,         0.0232
    703,         0.0219
    704,         0.0197
    705,         0.0197
    706,         0.0197
    707,         0.0197
    708,         0.0197
    709,         0.0197
    710,         0.0197
    711,         0.0197
    712,         0.0209
    713,         0.0209
    714,         0.0209
    715,         0.0209
    716,         0.0409
    717,         0.0434
    718,         0.0434
    719,         0.0434
    720,         0.0534
    721,         0.0534
    722,         0.0534
    723,         0.0534
    724,         0.0534
    725,         0.0534
    726,         0.0534
    727,         0.0534
    728,         0.0534
    729,         0.0534
    730,         0.0536
    731,         0.0574
    732,         0.0613
    733,         0.0655
    734,         0.0696
    735,         0.0710
    736,         0.0823
    737,         0.0823
    738,         0.0823
    739,         0.1035
    740,         0.1035
    741,         0.1035
    742,         0.2135
    743,         0.2124
    744,         0.2211
    745,         0.2211
    746,         0.2214
    747,         0.2256
    748,         0.2300
    749,         0.2300
    750,         0.2300
    751,         0.2300
    752,         0.2300
    753,         0.2300
    754,         0.2300
    755,         0.2300
    756,         0.2300
    757,         0.2300
    758,         0.2300
    759,         0.2300
    760,         0.2312
    761,         0.2312
    762,         0.2312
    763,         0.2312
    764,         0.2312
    765,         0.2312
    766,         0.2312
    767,         0.2312
    768,         0.2312
    769,         0.2312
    770,         0.2312
    771,         0.2312
    772,         0.2312
    773,         0.2312
    774,         0.2312
    775,         0.2312
    776,         0.2312
    777,         0.2312
    778,         0.2312
    779,         0.2312
    780,         0.2312
    781,         0.2312
    782,         0.2337
    783,         0.2337
    784,         0.2337
    785,         0.2337
    786,         0.2337
    787,         0.2975
    788,         0.3137
    789,         0.4137
    790,         0.4250
    791,         0.4250
    792,         0.4250
    793,         0.4250
    794,         0.4250
    795,         0.4250
    796,         0.4250
    797,         0.4387
    798,         0.4850
    799,         0.4962
    800,         0.5262
    801,         0.5262
    802,         0.5475
    803,         0.5475
    804,         0.6000
    805,         0.6687
    806,         0.6687
    807,         0.6725
    808,         0.6725
    809,         0.6725
    810,         0.6725
    811,         0.6725
    812,         0.6737
    813,         0.6750
    814,         0.6750
    815,         0.6750
    816,         0.6750
    817,         0.6750
    818,         0.6750
    819,         0.6750
    820,         0.6734
    821,         0.4485
    822,         0.4535
    823,         0.4535
    824,         0.4535
    825,         0.4535
    826,         0.4521
    827,         0.4521
    828,         0.5246
    829,         0.5229
    830,         0.5213
    831,         0.5213
    832,         0.5198
    833,         0.5260
    834,         0.6060
    835,         0.6260
    836,         0.6260
    837,         0.6245
    838,         0.6229
    839,         0.6215
    840,         0.6827
    841,         0.7965
    842,         0.8077
    843,         0.8815
    844,         0.8801
    845,         0.8801
    846,         0.8801
    847,         0.8784
    848,         0.6110
    849,         0.3164
    850,         0.0116
    851,         0.0000
    852,         0.0000
    853,         0.0000
    854,         0.0000
    855,         0.0000
    856,         0.0000
    857,         0.0000
    858,         0.0000
    859,         0.0000
    860,         0.0000
    861,         0.0000
    862,         0.0000
    863,         0.0000
    864,         0.0000
    865,         0.0000
    866,         0.0000
    867,         0.0000
    868,         0.0000
    869,         0.0000
    870,         0.0000
    871,         0.0000
    872,         0.0000
    873,         0.0000
    874,         0.0000
    875,         0.0000
    876,         0.0000
    877,         0.0000
    878,         0.0000
    879,         0.0000
    880,         0.0000
    881,         0.0000
    882,         0.0000
    883,         0.0000
    884,         0.0000
    885,         0.0000
    886,         0.0000
    887,         0.0000
    888,         0.0000
    889,         0.0000
    890,         0.0000
    891,         0.0000
    892,         0.0000
    893,         0.0000
    894,         0.0000
    895,         0.0000
    896,         0.0000
    897,         0.0000
    898,         0.0000
    899,         0.0000
    900,         0.0000
    901,         0.0000
    902,         0.0000
    903,         0.0000
    904,         0.0000
    905,         0.0000
    906,         0.0000
    907,         0.0000
    908,         0.0000
    909,         0.0000
    910,         0.0000
    911,         0.0000
    912,         0.0000
    913,         0.0000
    914,         0.0000
    915,         0.0000
    916,         0.0000
    917,         0.0000
    918,         0.0000
    919,         0.0000
    920,         0.0000
    921,         0.0000
    922,         0.0000
    923,         0.0000
    924,         0.0000
    925,         0.0000
    926,         0.0000
    927,         0.0000
    928,         0.0000
    929,         0.0000
    930,         0.0000
    931,         0.0000
    932,         0.0000
    933,         0.0000
    934,         0.0000
    935,         0.0000
    936,         0.0000
    937,         0.0000
    938,         0.0000
    939,         0.0000
    940,         0.0000
    941,         0.0000
    942,         0.0000
    943,         0.0000
    944,         0.0000
    945,         0.0000
    946,         0.0000
    947,         0.0000
    948,         0.0000
    949,         0.0000
    950,         0.0000
    951,         0.0000
    952,         0.0000
    953,         0.0000
    954,         0.0000
    955,         0.0000
    956,         0.0000
    957,         0.0000
    958,         0.0000
    959,         0.0000
    960,         0.0000
    961,         0.0000
    962,         0.0000
    963,         0.0000
    964,         0.0000
    965,         0.0000
    966,         0.0000
    967,         0.0000
    968,         0.0000
    969,         0.0000
    970,         0.0000
    971,         0.0000
    972,         0.0000
    973,         0.0000
    974,         0.0000
    975,         0.0000
    976,         0.0000
    977,         0.0000
    978,         0.0000
    979,         0.0000
    980,         0.0000
    981,         0.0000
    982,         0.0000
    983,         0.0000
    984,         0.0000
    985,         0.0000
    986,         0.0000
    987,         0.0000
    988,         0.0000
    989,         0.0000
    990,         0.0000
    991,         0.0000
    992,         0.0000
    993,         0.0000
    994,         0.0000
    995,         0.0000
    996,         0.0000
    997,         0.0000
    998,         0.0000
    999,         0.0000
   1000,         0.0000
   1001,         0.0000
   1002,         0.0000
   1003,         0.0000
   1004,         0.0000
   1005,         0.0000
   1006,         0.0000
   1007,         0.0000
   1008,         0.0000
   1009,         0.0000
   1010,         0.0000
   1011,         0.0000
   1012,         0.0000
   1013,         0.0000
   1014,         0.0000
   1015,         0.0000
   1016,         0.0000
   1017,         0.0000
   1018,         0.0000
   1019,         0.0000
   1020,         0.0000
   1021,         0.0000
   1022,         0.0000
   1023,         0.0000
   1024,         0.0000
   1025,         0.0537
   1026,         0.0625
   1027,         0.0616
   1028,         0.0629
   1029,         0.0691
   1030,         0.0680
   1031,         0.0669
   1032,         0.0659
   1033,         0.0659
   1034,         0.0659
   1035,         0.0648
   1036,         0.0637
   1037,         0.0627
   1038,         0.0627
   1039,         0.0616
   1040,         0.0604
   1041,         0.0604
   1042,         0.0604
   1043,         0.0604
   1044,         0.0604
   1045,         0.0596
   1046,         0.1208
   1047,         0.1208
   1048,         0.1283
   1049,         0.1321
   1050,         0.1313
   1051,         0.1304
   1052,         0.1292
   1053,         0.1283
   1054,         0.1283
   1055,         0.1408
   1056,         0.1399
   1057,         0.1399
   1058,         0.1399
   1059,         0.1399
   1060,         0.1412
   1061,         0.1412
   1062,         0.1424
   1063,         0.1424
   1064,         0.1424
   1065,         0.1424
   1066,         0.1699
   1067,         0.1699
   1068,         0.1699
   1069,         0.1699
   1070,         0.1699
   1071,         0.1699
   1072,         0.1699
   1073,         0.1699
   1074,         0.1699
   1075,         0.1699
   1076,         0.1699
   1077,         0.1699
   1078,         0.1699
   1079,         0.1699
   1080,         0.1699
   1081,         0.1699
   1082,         0.1699
   1083,         0.1699
   1084,         0.1699
   1085,         0.1699
   1086,         0.1699
   1087,         0.1699
   1088,         0.1699
   1089,         0.1699
   1090,         0.1699
   1091,         0.1699
   1092,         0.1699
   1093,         0.2087
   1094,         0.2087
   1095,         0.2087
   1096,         0.2087
   1097,         0.2087
   1098,         0.2087
   1099,         0.2087
   1100,         0.2087
   1101,         0.2087
   1102,         0.2087
   1103,         0.2087
   1104,         0.2087
   1105,         0.2087
   1106,         0.2087
   1107,         0.2087
   1108,         0.2087
   1109,         0.2237
   1110,         0.2237
   1111,         0.2237
   1112,         0.2237
   1113,         0.2237
   1114,         0.2237
   1115,         0.2237
   1116,         0.2237
   1117,         0.2237
   1118,         0.2237
   1119,         0.2237
   1120,         0.2237
   1121,         0.2237
   1122,         0.2237
   1123,         0.2237
   1124,         0.2237
   1125,         0.2237
   1126,         0.2237
   1127,         0.2237
   1128,         0.2237
   1129,         0.2237
   1130,         0.2237
   1131,         0.2237
   1132,         0.2237
   1133,         0.2237
   1134,         0.2237
   1135,         0.2237
   1136,         0.2237
   1137,         0.2237
   1138,         0.2237
   1139,         0.2237
   1140,         0.2237
   1141,         0.2237
   1142,         0.2237
   1143,         0.2237
   1144,         0.2237
   1145,         0.2237
   1146,         0.3624
   1147,         0.4499
   1148,         0.4737
   1149,         0.4737
   1150,         0.4737
   1151,         0.4737
   1152,         0.4737
   1153,         0.4737
   1154,         0.4737
   1155,         0.4737
   1156,         0.4737
   1157,         0.4737
   1158,         0.4737
   1159,         0.4737
   1160,         0.4737
   1161,         0.4737
   1162,         0.4749
   1163,         0.4749
   1164,         0.4762
   1165,         0.5787
   1166,         0.5773
   1167,         0.5773
   1168,         0.5773
   1169,         0.5762
   1170,         0.5762
   1171,         0.5762
   1172,         0.5762
   1173,         0.5950
   1174,         0.5962
   1175,         0.5962
   1176,         0.5962
   1177,         0.6337
   1178,         0.6337
   1179,         0.6375
   1180,         0.6375
   1181,         0.6375
   1182,         0.6387
   1183,         0.6387
   1184,         0.6400
   1185,         0.6400
   1186,         0.6384
   1187,         0.6371
   1188,         0.6484
   1189,         0.7834
   1190,         0.7834
   1191,         0.7846
   1192,         0.7846
   1193,         0.7831
   1194,         0.7814
   1195,         0.7800
   1196,         0.5342
   1197,         0.5325
   1198,         0.5310
   1199,         0.5295
   1200,         0.5308
   1201,         0.5308
   1202,         0.5308
   1203,         0.5308
   1204,         0.5308
   1205,         0.5295
   1206,         0.5277
   1207,         0.2803
   1208,         0.2786
   1209,         0.2771
   1210,         0.2755
   1211,         0.2742
   1212,         0.2727
   1213,         0.2713
   1214,         0.2697
   1215,         0.0606
   1216,         0.0589
   1217,         0.0574
   1218,         0.0558
   1219,         0.0541
   1220,         0.0524
   1221,         0.0506
   1222,         0.0488
   1223,         0.0000
   1224,         0.0000
   1225,         0.0000
   1226,         0.0000
   1227,         0.0000
   1228,         0.0000
   1229,         0.0000
   1230,         0.0000
   1231,         0.0000
   1232,         0.0000
   1233,         0.0000
   1234,         0.0000
   1235,         0.0000
   1236,         0.0000
   1237,         0.0000
   1238,         0.0000
   1239,         0.0000
   1240,         0.0000
   1241,         0.0000
   1242,         0.0000
   1243,         0.0000
   1244,         0.0000
   1245,         0.0000
   1246,         0.0000
   1247,         0.0000
   1248,         0.0000
   1249,         0.0000
   1250,         0.0000
   1251,         0.0000
   1252,         0.0000
   1253,         0.0000
   1254,         0.0000
   1255,         0.0000
   1256,         0.0000
   1257,         0.0000
   1258,         0.0000
   1259,         0.0000
   1260,         0.0000
   1261,         0.0000
   1262,         0.0000
   1263,         0.0000
   1264,         0.0000
   1265,         0.0000
   1266,         0.0000
   1267,         0.0000
   1268,         0.0000
   1269,         0.0000
   1270,         0.0000
   1271,         0.0000
   1272,         0.0000
   1273,         0.0000
   1274,         0.0000
   1275,         0.0000
   1276,         0.0000
   1277,         0.0000
   1278,         0.0000
   1279,         0.0000
   1280,         0.0000
   1281,         0.0000
   1282,         0.0000
   1283,         0.0000
   1284,         0.0000
   1285,         0.0000
   1286,         0.0000
   1287,         0.0000
   1288,         0.0000
   1289,         0.0000
   1290,         0.0000
   1291,         0.0000
   1292,         0.0000
   1293,         0.0000
   1294,         0.0000
   1295,         0.0000
   1296,         0.0000
   1297,         0.0000
   1298,         0.0000
   1299,         0.0000
   1300,         0.0000
   1301,         0.0000
   1302,         0.0000
   1303,         0.0000
   1304,         0.0000
   1305,         0.0000
   1306,         0.0000
   1307,         0.0000
   1308,         0.0000
   1309,         0.0000
   1310,         0.0000
   1311,         0.0000
   1312,         0.0000
   1313,         0.0000
   1314,         0.0000
   1315,         0.0000
   1316,         0.0000
   1317,         0.0000
   1318,         0.0000
   1319,         0.0000
   1320,         0.0000
   1321,         0.0000
   1322,         0.0000
   1323,         0.0000
   1324,         0.0000
   1325,         0.0000
   1326,         0.0000
   1327,         0.0000
   1328,         0.0000
   1329,         0.0000
   1330,         0.0000
   1331,         0.0000
   1332,         0.0000
   1333,         0.0000
   1334,         0.0000
   1335,         0.0000
   1336,         0.0000
   1337,         0.0000
   1338,         0.0000
   1339,         0.0000
   1340,         0.0000
   1341,         0.0000
   1342,         0.0000
   1343,         0.0000
   1344,         0.0000
   1345,         0.0000
   1346,         0.0000
   1347,         0.0000
   1348,         0.0000
   1349,         0.0000
   1350,         0.0000
   1351,         0.0000
   1352,         0.0000
   1353,         0.0000
   1354,         0.0000
   1355,         0.0000
   1356,         0.0000
   1357,         0.0000
   1358,         0.0000
   1359,         0.0000
   1360,         0.0000
   1361,         0.0000
   1362,         0.0000
   1363,         0.0000
   1364,         0.0000
   1365,         0.0000
   1366,         0.0000
   1367,         0.0000
   1368,         0.0000
   1369,         0.0000
   1370,         0.0000
   1371,         0.0000
   1372,         0.0000
   1373,         0.0000
   1374,         0.0000
   1375,         0.0000
   1376,         0.0000
   1377,         0.0000
   1378,         0.0000
   1379,         0.0000
   1380,         0.0000
   1381,         0.0000
   1382,         0.0000
   1383,         0.0000
   1384,         0.0000
   1385,         0.0000
   1386,         0.0000
   1387,         0.0000
   1388,         0.0000
   1389,         0.0000
   1390,         0.0000
   1391,         0.0000
   1392,         0.0000
   1393,         0.0000
   1394,         0.0000
   1395,         0.0000
   1396,         0.0000
   1397,         0.0000
   1398,         0.0000
   1399,         0.0000
   1400,         0.0000
   1401,         0.0000
   1402,         0.0000
   1403,         0.0000
   1404,         0.0000
   1405,         0.0000
   1406,         0.0088
   1407,         0.0080
   1408,         0.0072
   1409,         0.0097
   1410,         0.0097
   1411,         0.0097
   1412,         0.0097
   1413,         0.0097
   1414,         0.0097
   1415,         0.0159
   1416,         0.0159
   1417,         0.0159
   1418,         0.0159
   1419,         0.0159
   1420,         0.0159
   1421,         0.0159
   1422,         0.0159
   1423,         0.0297
   1424,         0.0289
   1425,         0.0289
   1426,         0.0289
   1427,         0.0289
   1428,         0.0289
   1429,         0.0289
   1430,         0.0289
   1431,         0.0289
   1432,         0.0289
   1433,         0.0289
   1434,         0.0289
   1435,         0.0427
   1436,         0.0427
   1437,         0.0427
   1438,         0.0427
   1439,         0.0427
   1440,         0.0427
   1441,         0.0427
   1442,         0.0427
   1443,         0.0764
   1444,         0.0757
   1445,         0.0747
   1446,         0.0897
   1447,         0.0897
   1448,         0.0897
   1449,         0.0897
   1450,         0.0897
   1451,         0.0897
   1452,         0.0897
   1453,         0.0890
   1454,         0.0883
   1455,         0.0920
   1456,         0.0920
   1457,         0.0920
   1458,         0.0920
   1459,         0.0920
   1460,         0.0920
   1461,         0.0920
